10,84
10,184
10,14
10,252
10,182
10,108
10,206
10,216
10,2
10,3
11,14
11,10
9,7
9,6
9,1
9,4
9,2
9,3
8,15
8,7
8,16
8,5
8,18
49,4
49,3
49,2
49,1
49,0
48,3
48,2
48,1
48,0
47,3
47,2
47,1
47,0
46,5
46,4
46,3
46,2
46,1
46,0
45,4
45,3
45,2
45,1
45,0
43,5
43,4
43,3
43,2
43,1
43,0
40,5
40,4
40,3
40,2
40,1
40,0
38,5
38,4
38,1
36,3
36,1
34,3
34,1
29,3
29,1
26,3
26,1
20,3
20,2
20,1
19,3
19,2
19,1
12,3
12,2
12,1
11,29
11,27
11,24
11,23
11,22
11,21
11,20
11,19
11,18
11,17
11,13
11,12
11,11
11,9
11,8
11,6
11,5
11,4
11,3
11,2
11,1
10,307
10,299
10,291
10,290
10,287
